# Stage-1 #5 coverage summary (n_toys=20)
# ix iy coverage sigma truth_mean unfolded_mean
0 0 0.7000 1.827964e-42 1.007262e-40 1.008661e-40
0 1 0.6500 2.046686e-42 1.363985e-40 1.365194e-40
0 2 0.6500 2.093295e-42 1.660558e-40 1.661757e-40
0 3 0.6500 2.095064e-42 1.815675e-40 1.815624e-40
0 4 0.6000 1.627601e-42 1.981945e-40 1.980367e-40
0 5 0.7000 2.447426e-42 2.176770e-40 2.176081e-40
0 6 0.6000 2.015936e-42 2.283403e-40 2.283075e-40
0 7 0.7000 1.592975e-42 2.368211e-40 2.368848e-40
0 8 0.6500 1.514030e-42 1.813475e-40 1.814392e-40
0 9 0.6500 1.187875e-42 9.784915e-41 9.780039e-41
0 10 0.8000 7.945259e-43 4.475263e-41 4.471577e-41
0 11 0.6500 4.465958e-43 2.003330e-41 2.002873e-41
0 12 0.6500 1.294429e-43 7.122716e-42 7.109522e-42
0 13 0.6000 1.023353e-43 2.976585e-42 2.956470e-42
0 14 0.7000 3.216941e-44 8.409439e-43 8.334426e-43
0 15 0.8500 1.015540e-44 1.121901e-43 1.115719e-43
1 0 0.7000 3.949377e-42 4.074764e-40 4.077973e-40
1 1 0.7500 3.166918e-42 5.177176e-40 5.177483e-40
1 2 0.6500 3.647409e-42 6.116973e-40 6.117095e-40
1 3 0.7000 2.847083e-42 6.559115e-40 6.558115e-40
1 4 0.7000 3.255367e-42 7.017774e-40 7.012439e-40
1 5 0.6500 3.862022e-42 7.566369e-40 7.563057e-40
1 6 0.5500 5.069213e-42 8.084360e-40 8.082294e-40
1 7 0.7000 3.264238e-42 8.094116e-40 8.092454e-40
1 8 0.7000 2.448573e-42 6.171742e-40 6.172859e-40
1 9 0.7000 1.724183e-42 3.398242e-40 3.397002e-40
1 10 0.8000 1.274685e-42 1.551487e-40 1.550976e-40
1 11 0.7500 8.561752e-43 6.960911e-41 6.962513e-41
1 12 0.7000 2.144142e-43 2.088422e-41 2.090460e-41
1 13 0.7000 9.556800e-44 7.107497e-42 7.094007e-42
1 14 0.7000 5.099797e-44 2.077421e-42 2.068315e-42
1 15 0.7000 1.755517e-44 3.496166e-43 3.487271e-43
2 0 0.7500 6.001140e-42 1.161131e-39 1.160512e-39
2 1 0.5500 4.019398e-42 1.285460e-39 1.284344e-39
2 2 0.6500 3.984620e-42 1.416728e-39 1.415818e-39
2 3 0.6000 5.735905e-42 1.491897e-39 1.491060e-39
2 4 0.7500 4.968329e-42 1.544126e-39 1.542786e-39
2 5 0.7500 4.987312e-42 1.633177e-39 1.632379e-39
2 6 0.6500 5.873760e-42 1.717517e-39 1.717001e-39
2 7 0.6500 4.699554e-42 1.673486e-39 1.673213e-39
2 8 0.7000 4.394516e-42 1.266381e-39 1.266733e-39
2 9 0.6500 2.800908e-42 6.935892e-40 6.934197e-40
2 10 0.7000 1.872218e-42 3.155594e-40 3.154760e-40
2 11 0.7000 1.124028e-42 1.430809e-40 1.431064e-40
2 12 0.8000 3.151012e-43 4.328168e-41 4.334562e-41
2 13 0.8500 2.016937e-43 1.538314e-41 1.539821e-41
2 14 0.6000 4.115346e-44 4.057723e-42 4.049575e-42
2 15 0.7000 1.943336e-44 6.316497e-43 6.302179e-43
3 0 0.7000 8.393690e-42 2.437766e-39 2.438994e-39
3 1 0.6500 7.388308e-42 2.483597e-39 2.482811e-39
3 2 0.6000 9.407063e-42 2.589502e-39 2.588990e-39
3 3 0.7500 7.844079e-42 2.654874e-39 2.654150e-39
3 4 0.6500 9.314599e-42 2.689101e-39 2.687960e-39
3 5 0.8000 8.731760e-42 2.775886e-39 2.775860e-39
3 6 0.6000 6.489909e-42 2.838650e-39 2.839118e-39
3 7 0.7000 6.088948e-42 2.714445e-39 2.715501e-39
3 8 0.7000 5.891108e-42 2.010242e-39 2.011533e-39
3 9 0.6000 3.768468e-42 1.093335e-39 1.093518e-39
3 10 0.7000 1.971295e-42 4.963355e-40 4.964087e-40
3 11 0.7500 2.614116e-42 2.278393e-40 2.279149e-40
3 12 0.6500 3.849376e-43 7.025696e-41 7.033121e-41
3 13 0.7500 3.155637e-43 2.495863e-41 2.497938e-41
3 14 0.7000 6.544495e-44 6.917455e-42 6.899796e-42
3 15 0.7500 2.822576e-44 1.007975e-42 1.002135e-42
4 0 0.6500 1.634885e-41 3.846701e-39 3.849132e-39
4 1 0.6000 1.601275e-41 3.771949e-39 3.772007e-39
4 2 0.6000 1.198048e-41 3.782224e-39 3.782200e-39
4 3 0.8000 8.168444e-42 3.776863e-39 3.776513e-39
4 4 0.6500 1.262456e-41 3.752569e-39 3.751665e-39
4 5 0.6500 7.378748e-42 3.793163e-39 3.793123e-39
4 6 0.7000 1.027019e-41 3.841862e-39 3.842261e-39
4 7 0.7000 8.174471e-42 3.599392e-39 3.599922e-39
4 8 0.7500 8.385691e-42 2.617290e-39 2.618170e-39
4 9 0.7500 5.956274e-42 1.396324e-39 1.396297e-39
4 10 0.6000 2.088122e-42 6.394737e-40 6.394607e-40
4 11 0.7000 2.611566e-42 2.899263e-40 2.899367e-40
4 12 0.7500 5.640059e-43 9.389181e-41 9.396453e-41
4 13 0.6000 3.687877e-43 3.329305e-41 3.331762e-41
4 14 0.7000 8.870969e-44 9.400524e-42 9.376804e-42
4 15 0.8500 5.001912e-44 1.439252e-42 1.430396e-42
5 0 0.6000 2.179200e-41 5.260789e-39 5.266498e-39
5 1 0.7000 1.307852e-41 5.018150e-39 5.019355e-39
5 2 0.6500 1.007720e-41 4.906179e-39 4.906879e-39
5 3 0.7000 1.148334e-41 4.781918e-39 4.781931e-39
5 4 0.7500 1.111431e-41 4.672658e-39 4.672011e-39
5 5 0.6500 1.337134e-41 4.687514e-39 4.688348e-39
5 6 0.7500 1.408609e-41 4.639407e-39 4.640844e-39
5 7 0.7500 1.061209e-41 4.241889e-39 4.243232e-39
5 8 0.5500 7.415019e-42 2.987052e-39 2.987969e-39
5 9 0.7000 6.449954e-42 1.594912e-39 1.594832e-39
5 10 0.6500 4.372080e-42 7.255240e-40 7.253595e-40
5 11 0.7000 2.844507e-42 3.429364e-40 3.428990e-40
5 12 0.6500 8.359073e-43 1.129355e-40 1.130016e-40
5 13 0.7500 6.839225e-43 4.085639e-41 4.089763e-41
5 14 0.7000 1.267265e-43 1.132511e-41 1.130289e-41
5 15 0.7000 5.214825e-44 1.801690e-42 1.792355e-42
6 0 0.5500 2.753479e-41 6.652033e-39 6.667360e-39
6 1 0.8000 1.891128e-41 6.168964e-39 6.171559e-39
6 2 0.6500 1.310270e-41 5.902400e-39 5.903886e-39
6 3 0.8000 1.237685e-41 5.627837e-39 5.628375e-39
6 4 0.7000 1.413326e-41 5.438081e-39 5.438008e-39
6 5 0.7000 1.632322e-41 5.326291e-39 5.327810e-39
6 6 0.6000 1.099179e-41 5.166270e-39 5.168298e-39
6 7 0.7000 9.312322e-42 4.586414e-39 4.588172e-39
6 8 0.6000 7.678943e-42 3.143906e-39 3.144878e-39
6 9 0.7000 5.707222e-42 1.647487e-39 1.647354e-39
6 10 0.8000 3.329027e-42 7.526064e-40 7.523515e-40
6 11 0.6000 2.191989e-42 3.602827e-40 3.601650e-40
6 12 0.7000 6.615091e-43 1.249922e-40 1.250373e-40
6 13 0.8500 4.738150e-43 4.636625e-41 4.639854e-41
6 14 0.6500 1.097447e-43 1.300787e-41 1.298517e-41
6 15 0.7000 4.442187e-44 1.955921e-42 1.947443e-42
7 0 0.8000 1.724478e-41 4.430932e-39 4.438707e-39
7 1 0.6000 1.630575e-41 7.486475e-39 7.489168e-39
7 2 0.7500 1.146471e-41 6.990598e-39 6.991010e-39
7 3 0.7000 9.707833e-42 6.529769e-39 6.528715e-39
7 4 0.7000 8.841896e-42 6.165388e-39 6.163566e-39
7 5 0.6500 8.905911e-42 5.883323e-39 5.883268e-39
7 6 0.7000 8.958441e-42 5.501966e-39 5.502305e-39
7 7 0.7000 5.185340e-42 4.625865e-39 4.625858e-39
7 8 0.5500 4.657754e-42 3.014508e-39 3.014305e-39
7 9 0.5500 3.423505e-42 1.547046e-39 1.546385e-39
7 10 0.6000 1.982803e-42 7.184376e-40 7.179819e-40
7 11 0.6500 1.297512e-42 3.598815e-40 3.596299e-40
7 12 0.7500 4.352580e-43 1.344738e-40 1.344497e-40
7 13 0.6500 2.601203e-43 5.201081e-41 5.201475e-41
7 14 0.4500 6.865094e-44 1.467349e-41 1.464862e-41
7 15 0.6500 3.769653e-44 2.183528e-42 2.177951e-42
8 0 0.5500 1.376657e-42 1.186216e-40 1.187532e-40
8 1 0.7000 1.529211e-41 5.708246e-39 5.711301e-39
8 2 0.5500 9.274696e-42 7.333727e-39 7.336156e-39
8 3 0.5500 1.178109e-41 6.807268e-39 6.806835e-39
8 4 0.7000 9.671519e-42 6.311435e-39 6.310002e-39
8 5 0.7500 8.621231e-42 5.832718e-39 5.833129e-39
8 6 0.6500 6.497527e-42 5.274307e-39 5.274893e-39
8 7 0.7500 4.039039e-42 4.189521e-39 4.189578e-39
8 8 0.7500 3.785494e-42 2.558784e-39 2.558687e-39
8 9 0.7000 3.465968e-42 1.296872e-39 1.296456e-39
8 10 0.7500 2.381320e-42 6.189362e-40 6.186689e-40
8 11 0.7500 1.214522e-42 3.346341e-40 3.344945e-40
8 12 0.7500 5.307350e-43 1.397606e-40 1.397531e-40
8 13 0.7500 2.481703e-43 5.761530e-41 5.761774e-41
8 14 0.7000 7.042414e-44 1.627491e-41 1.625398e-41
8 15 0.6500 3.065939e-44 2.328125e-42 2.325099e-42
9 1 0.8500 2.840663e-42 4.690664e-40 4.691785e-40
9 2 0.7500 1.393027e-41 5.507752e-39 5.508580e-39
9 3 0.6000 1.548808e-41 5.991907e-39 5.991220e-39
9 4 0.7000 1.262735e-41 5.514494e-39 5.512680e-39
9 5 0.6000 9.192108e-42 4.966438e-39 4.966648e-39
9 6 0.7000 8.039026e-42 4.333062e-39 4.333430e-39
9 7 0.6500 4.979924e-42 3.293293e-39 3.293151e-39
9 8 0.5000 3.773462e-42 1.914537e-39 1.914539e-39
9 9 0.7000 2.472673e-42 9.723604e-40 9.721161e-40
9 10 0.7500 1.342878e-42 5.003374e-40 5.001549e-40
9 11 0.5500 1.517235e-42 2.950710e-40 2.949745e-40
9 12 0.8000 5.377058e-43 1.355225e-40 1.355280e-40
9 13 0.7500 3.333097e-43 5.859401e-41 5.860412e-41
9 14 0.6000 4.829158e-44 1.699732e-41 1.698396e-41
9 15 0.7500 3.680234e-44 2.439823e-42 2.439008e-42
10 2 0.7000 2.752958e-42 4.876385e-40 4.877948e-40
10 3 0.7500 7.649078e-42 3.094448e-39 3.094494e-39
10 4 0.6500 6.881510e-42 3.689252e-39 3.688545e-39
10 5 0.6500 4.991196e-42 3.286565e-39 3.287176e-39
10 6 0.7000 4.547572e-42 2.795155e-39 2.795765e-39
10 7 0.6500 3.671739e-42 2.032438e-39 2.032430e-39
10 8 0.6500 2.202995e-42 1.156808e-39 1.156687e-39
10 9 0.6500 1.285922e-42 6.148191e-40 6.145674e-40
10 10 0.6500 1.205548e-42 3.527791e-40 3.525619e-40
10 11 0.7500 7.926224e-43 2.335700e-40 2.334294e-40
10 12 0.6000 3.165495e-43 1.236546e-40 1.236151e-40
10 13 0.6000 2.022703e-43 5.717233e-41 5.716570e-41
10 14 0.6500 5.682004e-44 1.704012e-41 1.702386e-41
10 15 0.7500 1.881959e-44 2.369865e-42 2.368800e-42
11 3 0.6000 4.561799e-43 1.647384e-41 1.647912e-41
11 4 0.6500 3.601192e-42 8.927855e-40 8.929818e-40
11 5 0.6000 4.261886e-42 1.413129e-39 1.413808e-39
11 6 0.7000 2.872791e-42 1.224128e-39 1.224729e-39
11 7 0.6500 1.602787e-42 8.986936e-40 8.987874e-40
11 8 0.6000 1.146079e-42 5.412002e-40 5.411763e-40
11 9 0.7000 1.051062e-42 3.317696e-40 3.316417e-40
11 10 0.7000 9.619454e-43 2.269341e-40 2.267900e-40
11 11 0.5500 1.006765e-42 1.718450e-40 1.717344e-40
11 12 0.6000 3.272998e-43 1.034309e-40 1.033896e-40
11 13 0.8000 2.436110e-43 5.145843e-41 5.144702e-41
11 14 0.6500 5.765012e-44 1.607533e-41 1.606165e-41
11 15 0.5000 2.463738e-44 2.123384e-42 2.122863e-42
12 5 0.6500 2.661310e-43 3.286322e-41 3.288501e-41
12 6 0.7000 4.880747e-43 9.521492e-41 9.527517e-41
12 7 0.6500 4.046255e-43 1.091793e-40 1.092047e-40
12 8 0.6500 3.552292e-43 1.000853e-40 1.001057e-40
12 9 0.7000 3.777338e-43 8.678191e-41 8.676957e-41
12 10 0.7000 3.083173e-43 7.697337e-41 7.693156e-41
12 11 0.6500 2.671777e-43 6.986526e-41 6.982617e-41
12 12 0.7000 1.288386e-43 5.152720e-41 5.151940e-41
12 13 0.6500 9.610988e-44 3.102465e-41 3.102228e-41
12 14 0.7000 3.547396e-44 1.084643e-41 1.084128e-41
12 15 0.7000 1.098102e-44 1.356045e-42 1.356238e-42
13 8 0.7500 2.125671e-45 1.507293e-44 1.508778e-44
13 9 0.6000 1.926971e-44 8.787085e-43 8.800030e-43
13 10 0.7000 3.417557e-44 1.821702e-42 1.823846e-42
13 11 0.6000 3.923790e-44 2.346687e-42 2.349715e-42
13 12 0.6000 2.324642e-44 3.364250e-42 3.371287e-42
13 13 0.6000 2.910593e-44 3.638544e-42 3.647818e-42
13 14 0.6500 1.188144e-44 1.864371e-42 1.867989e-42
13 15 0.7000 3.194765e-45 2.382274e-43 2.387572e-43
