GlobalID,P||bin,Ptbin,P||bin_lowedge,P||bin_highedge,Ptbin_lowedge,Ptbin_highedge
0,1,1,1.50,2.00,0.00,0.07
16,1,2,1.50,2.00,0.07,0.15
32,1,3,1.50,2.00,0.15,0.25
48,1,4,1.50,2.00,0.25,0.33
64,1,5,1.50,2.00,0.33,0.40
80,1,6,1.50,2.00,0.40,0.47
96,1,7,1.50,2.00,0.47,0.55
112,1,8,1.50,2.00,0.55,0.70
128,1,9,1.50,2.00,0.70,0.85
144,1,10,1.50,2.00,0.85,1.00
160,1,11,1.50,2.00,1.00,1.25
176,1,12,1.50,2.00,1.25,1.50
192,1,13,1.50,2.00,1.50,2.50
208,1,14,1.50,2.00,2.50,4.50
1,2,1,2.00,2.50,0.00,0.07
17,2,2,2.00,2.50,0.07,0.15
33,2,3,2.00,2.50,0.15,0.25
49,2,4,2.00,2.50,0.25,0.33
65,2,5,2.00,2.50,0.33,0.40
81,2,6,2.00,2.50,0.40,0.47
97,2,7,2.00,2.50,0.47,0.55
113,2,8,2.00,2.50,0.55,0.70
129,2,9,2.00,2.50,0.70,0.85
145,2,10,2.00,2.50,0.85,1.00
161,2,11,2.00,2.50,1.00,1.25
177,2,12,2.00,2.50,1.25,1.50
193,2,13,2.00,2.50,1.50,2.50
209,2,14,2.00,2.50,2.50,4.50
2,3,1,2.50,3.00,0.00,0.07
18,3,2,2.50,3.00,0.07,0.15
34,3,3,2.50,3.00,0.15,0.25
50,3,4,2.50,3.00,0.25,0.33
66,3,5,2.50,3.00,0.33,0.40
82,3,6,2.50,3.00,0.40,0.47
98,3,7,2.50,3.00,0.47,0.55
114,3,8,2.50,3.00,0.55,0.70
130,3,9,2.50,3.00,0.70,0.85
146,3,10,2.50,3.00,0.85,1.00
162,3,11,2.50,3.00,1.00,1.25
178,3,12,2.50,3.00,1.25,1.50
194,3,13,2.50,3.00,1.50,2.50
210,3,14,2.50,3.00,2.50,4.50
3,4,1,3.00,3.50,0.00,0.07
19,4,2,3.00,3.50,0.07,0.15
35,4,3,3.00,3.50,0.15,0.25
51,4,4,3.00,3.50,0.25,0.33
67,4,5,3.00,3.50,0.33,0.40
83,4,6,3.00,3.50,0.40,0.47
99,4,7,3.00,3.50,0.47,0.55
115,4,8,3.00,3.50,0.55,0.70
131,4,9,3.00,3.50,0.70,0.85
147,4,10,3.00,3.50,0.85,1.00
163,4,11,3.00,3.50,1.00,1.25
179,4,12,3.00,3.50,1.25,1.50
195,4,13,3.00,3.50,1.50,2.50
211,4,14,3.00,3.50,2.50,4.50
4,5,1,3.50,4.00,0.00,0.07
20,5,2,3.50,4.00,0.07,0.15
36,5,3,3.50,4.00,0.15,0.25
52,5,4,3.50,4.00,0.25,0.33
68,5,5,3.50,4.00,0.33,0.40
84,5,6,3.50,4.00,0.40,0.47
100,5,7,3.50,4.00,0.47,0.55
116,5,8,3.50,4.00,0.55,0.70
132,5,9,3.50,4.00,0.70,0.85
148,5,10,3.50,4.00,0.85,1.00
164,5,11,3.50,4.00,1.00,1.25
180,5,12,3.50,4.00,1.25,1.50
196,5,13,3.50,4.00,1.50,2.50
212,5,14,3.50,4.00,2.50,4.50
5,6,1,4.00,4.50,0.00,0.07
21,6,2,4.00,4.50,0.07,0.15
37,6,3,4.00,4.50,0.15,0.25
53,6,4,4.00,4.50,0.25,0.33
69,6,5,4.00,4.50,0.33,0.40
85,6,6,4.00,4.50,0.40,0.47
101,6,7,4.00,4.50,0.47,0.55
117,6,8,4.00,4.50,0.55,0.70
133,6,9,4.00,4.50,0.70,0.85
149,6,10,4.00,4.50,0.85,1.00
165,6,11,4.00,4.50,1.00,1.25
181,6,12,4.00,4.50,1.25,1.50
197,6,13,4.00,4.50,1.50,2.50
213,6,14,4.00,4.50,2.50,4.50
6,7,1,4.50,5.00,0.00,0.07
22,7,2,4.50,5.00,0.07,0.15
38,7,3,4.50,5.00,0.15,0.25
54,7,4,4.50,5.00,0.25,0.33
70,7,5,4.50,5.00,0.33,0.40
86,7,6,4.50,5.00,0.40,0.47
102,7,7,4.50,5.00,0.47,0.55
118,7,8,4.50,5.00,0.55,0.70
134,7,9,4.50,5.00,0.70,0.85
150,7,10,4.50,5.00,0.85,1.00
166,7,11,4.50,5.00,1.00,1.25
182,7,12,4.50,5.00,1.25,1.50
198,7,13,4.50,5.00,1.50,2.50
214,7,14,4.50,5.00,2.50,4.50
7,8,1,5.00,6.00,0.00,0.07
23,8,2,5.00,6.00,0.07,0.15
39,8,3,5.00,6.00,0.15,0.25
55,8,4,5.00,6.00,0.25,0.33
71,8,5,5.00,6.00,0.33,0.40
87,8,6,5.00,6.00,0.40,0.47
103,8,7,5.00,6.00,0.47,0.55
119,8,8,5.00,6.00,0.55,0.70
135,8,9,5.00,6.00,0.70,0.85
151,8,10,5.00,6.00,0.85,1.00
167,8,11,5.00,6.00,1.00,1.25
183,8,12,5.00,6.00,1.25,1.50
199,8,13,5.00,6.00,1.50,2.50
215,8,14,5.00,6.00,2.50,4.50
8,9,1,6.00,7.00,0.00,0.07
24,9,2,6.00,7.00,0.07,0.15
40,9,3,6.00,7.00,0.15,0.25
56,9,4,6.00,7.00,0.25,0.33
72,9,5,6.00,7.00,0.33,0.40
88,9,6,6.00,7.00,0.40,0.47
104,9,7,6.00,7.00,0.47,0.55
120,9,8,6.00,7.00,0.55,0.70
136,9,9,6.00,7.00,0.70,0.85
152,9,10,6.00,7.00,0.85,1.00
168,9,11,6.00,7.00,1.00,1.25
184,9,12,6.00,7.00,1.25,1.50
200,9,13,6.00,7.00,1.50,2.50
216,9,14,6.00,7.00,2.50,4.50
9,10,1,7.00,8.00,0.00,0.07
25,10,2,7.00,8.00,0.07,0.15
41,10,3,7.00,8.00,0.15,0.25
57,10,4,7.00,8.00,0.25,0.33
73,10,5,7.00,8.00,0.33,0.40
89,10,6,7.00,8.00,0.40,0.47
105,10,7,7.00,8.00,0.47,0.55
121,10,8,7.00,8.00,0.55,0.70
137,10,9,7.00,8.00,0.70,0.85
153,10,10,7.00,8.00,0.85,1.00
169,10,11,7.00,8.00,1.00,1.25
185,10,12,7.00,8.00,1.25,1.50
201,10,13,7.00,8.00,1.50,2.50
217,10,14,7.00,8.00,2.50,4.50
10,11,1,8.00,9.00,0.00,0.07
26,11,2,8.00,9.00,0.07,0.15
42,11,3,8.00,9.00,0.15,0.25
58,11,4,8.00,9.00,0.25,0.33
74,11,5,8.00,9.00,0.33,0.40
90,11,6,8.00,9.00,0.40,0.47
106,11,7,8.00,9.00,0.47,0.55
122,11,8,8.00,9.00,0.55,0.70
138,11,9,8.00,9.00,0.70,0.85
154,11,10,8.00,9.00,0.85,1.00
170,11,11,8.00,9.00,1.00,1.25
186,11,12,8.00,9.00,1.25,1.50
202,11,13,8.00,9.00,1.50,2.50
218,11,14,8.00,9.00,2.50,4.50
11,12,1,9.00,10.00,0.00,0.07
27,12,2,9.00,10.00,0.07,0.15
43,12,3,9.00,10.00,0.15,0.25
59,12,4,9.00,10.00,0.25,0.33
75,12,5,9.00,10.00,0.33,0.40
91,12,6,9.00,10.00,0.40,0.47
107,12,7,9.00,10.00,0.47,0.55
123,12,8,9.00,10.00,0.55,0.70
139,12,9,9.00,10.00,0.70,0.85
155,12,10,9.00,10.00,0.85,1.00
171,12,11,9.00,10.00,1.00,1.25
187,12,12,9.00,10.00,1.25,1.50
203,12,13,9.00,10.00,1.50,2.50
219,12,14,9.00,10.00,2.50,4.50
12,13,1,10.00,15.00,0.00,0.07
28,13,2,10.00,15.00,0.07,0.15
44,13,3,10.00,15.00,0.15,0.25
60,13,4,10.00,15.00,0.25,0.33
76,13,5,10.00,15.00,0.33,0.40
92,13,6,10.00,15.00,0.40,0.47
108,13,7,10.00,15.00,0.47,0.55
124,13,8,10.00,15.00,0.55,0.70
140,13,9,10.00,15.00,0.70,0.85
156,13,10,10.00,15.00,0.85,1.00
172,13,11,10.00,15.00,1.00,1.25
188,13,12,10.00,15.00,1.25,1.50
204,13,13,10.00,15.00,1.50,2.50
220,13,14,10.00,15.00,2.50,4.50
13,14,1,15.00,20.00,0.00,0.07
29,14,2,15.00,20.00,0.07,0.15
45,14,3,15.00,20.00,0.15,0.25
61,14,4,15.00,20.00,0.25,0.33
77,14,5,15.00,20.00,0.33,0.40
93,14,6,15.00,20.00,0.40,0.47
109,14,7,15.00,20.00,0.47,0.55
125,14,8,15.00,20.00,0.55,0.70
141,14,9,15.00,20.00,0.70,0.85
157,14,10,15.00,20.00,0.85,1.00
173,14,11,15.00,20.00,1.00,1.25
189,14,12,15.00,20.00,1.25,1.50
205,14,13,15.00,20.00,1.50,2.50
221,14,14,15.00,20.00,2.50,4.50
14,15,1,20.00,40.00,0.00,0.07
30,15,2,20.00,40.00,0.07,0.15
46,15,3,20.00,40.00,0.15,0.25
62,15,4,20.00,40.00,0.25,0.33
78,15,5,20.00,40.00,0.33,0.40
94,15,6,20.00,40.00,0.40,0.47
110,15,7,20.00,40.00,0.47,0.55
126,15,8,20.00,40.00,0.55,0.70
142,15,9,20.00,40.00,0.70,0.85
158,15,10,20.00,40.00,0.85,1.00
174,15,11,20.00,40.00,1.00,1.25
190,15,12,20.00,40.00,1.25,1.50
206,15,13,20.00,40.00,1.50,2.50
222,15,14,20.00,40.00,2.50,4.50
15,16,1,40.00,60.00,0.00,0.07
31,16,2,40.00,60.00,0.07,0.15
47,16,3,40.00,60.00,0.15,0.25
63,16,4,40.00,60.00,0.25,0.33
79,16,5,40.00,60.00,0.33,0.40
95,16,6,40.00,60.00,0.40,0.47
111,16,7,40.00,60.00,0.47,0.55
127,16,8,40.00,60.00,0.55,0.70
143,16,9,40.00,60.00,0.70,0.85
159,16,10,40.00,60.00,0.85,1.00
175,16,11,40.00,60.00,1.00,1.25
191,16,12,40.00,60.00,1.25,1.50
207,16,13,40.00,60.00,1.50,2.50
223,16,14,40.00,60.00,2.50,4.50
