P||bin,Ptbin,cross_section,statistical_uncertainty,total_uncertainty
1,1,9.83e-41,1.12e-41,1.93e-41
1,2,4.77e-40,2.37e-41,5.94e-41
1,3,1.37e-39,3.24e-41,1.82e-40
1,4,2.70e-39,5.74e-41,3.44e-40
1,5,3.86e-39,7.46e-41,4.93e-40
1,6,5.25e-39,9.59e-41,6.72e-40
1,7,6.79e-39,1.28e-40,8.38e-40
1,8,4.61e-39,7.65e-41,3.64e-40
1,9,1.33e-40,6.07e-42,1.21e-41
1,10,0.00e+00,0.00e+00,0.00e+00
1,11,0.00e+00,0.00e+00,0.00e+00
1,12,0.00e+00,0.00e+00,0.00e+00
1,13,0.00e+00,0.00e+00,0.00e+00
1,14,0.00e+00,0.00e+00,0.00e+00
2,1,1.64e-40,1.03e-41,1.52e-41
2,2,5.96e-40,1.99e-41,4.41e-41
2,3,1.59e-39,2.70e-41,1.17e-40
2,4,2.87e-39,4.63e-41,2.26e-40
2,5,4.10e-39,5.91e-41,3.04e-40
2,6,5.49e-39,7.31e-41,3.96e-40
2,7,6.60e-39,8.97e-41,4.58e-40
2,8,7.89e-39,7.77e-41,5.09e-40
2,9,6.05e-39,8.67e-41,3.66e-40
2,10,4.92e-40,1.90e-41,4.51e-41
2,11,0.00e+00,0.00e+00,0.00e+00
2,12,0.00e+00,0.00e+00,0.00e+00
2,13,0.00e+00,0.00e+00,0.00e+00
2,14,0.00e+00,0.00e+00,0.00e+00
3,1,1.95e-40,1.06e-41,1.59e-41
3,2,6.58e-40,1.99e-41,5.60e-41
3,3,1.64e-39,2.68e-41,1.26e-40
3,4,2.87e-39,4.42e-41,2.00e-40
3,5,4.18e-39,5.47e-41,2.95e-40
3,6,5.38e-39,6.42e-41,3.55e-40
3,7,6.42e-39,7.57e-41,4.06e-40
3,8,7.50e-39,6.16e-41,4.44e-40
3,9,7.95e-39,7.72e-41,4.56e-40
3,10,6.42e-39,8.20e-41,3.60e-40
3,11,6.13e-40,1.78e-41,3.87e-41
3,12,0.00e+00,0.00e+00,0.00e+00
3,13,0.00e+00,0.00e+00,0.00e+00
3,14,0.00e+00,0.00e+00,0.00e+00
4,1,1.76e-40,1.01e-41,1.51e-41
4,2,7.00e-40,2.02e-41,5.61e-41
4,3,1.69e-39,2.73e-41,1.16e-40
4,4,2.90e-39,4.30e-41,1.96e-40
4,5,4.28e-39,5.31e-41,2.88e-40
4,6,5.33e-39,6.01e-41,3.23e-40
4,7,6.28e-39,6.90e-41,3.66e-40
4,8,7.37e-39,5.53e-41,4.00e-40
4,9,7.77e-39,6.46e-41,3.98e-40
4,10,7.20e-39,7.25e-41,3.65e-40
4,11,3.99e-39,4.85e-41,2.38e-40
4,12,2.22e-41,7.59e-43,1.68e-42
4,13,0.00e+00,0.00e+00,0.00e+00
4,14,0.00e+00,0.00e+00,0.00e+00
5,1,1.89e-40,1.01e-41,1.57e-41
5,2,7.14e-40,1.97e-41,4.95e-41
5,3,1.74e-39,2.70e-41,1.16e-40
5,4,2.90e-39,4.13e-41,1.89e-40
5,5,4.04e-39,4.91e-41,2.53e-40
5,6,5.09e-39,5.57e-41,2.95e-40
5,7,5.95e-39,6.32e-41,3.32e-40
5,8,6.86e-39,5.01e-41,3.60e-40
5,9,7.25e-39,5.66e-41,3.52e-40
5,10,6.51e-39,5.95e-41,3.16e-40
5,11,4.66e-39,4.51e-41,2.69e-40
5,12,1.23e-39,2.88e-41,1.11e-40
5,13,0.00e+00,0.00e+00,0.00e+00
5,14,0.00e+00,0.00e+00,0.00e+00
6,1,1.94e-40,9.65e-42,1.54e-41
6,2,7.26e-40,1.87e-41,5.17e-41
6,3,1.70e-39,2.52e-41,1.11e-40
6,4,2.96e-39,3.94e-41,1.96e-40
6,5,4.08e-39,4.67e-41,2.57e-40
6,6,5.02e-39,5.19e-41,2.95e-40
6,7,5.96e-39,5.93e-41,3.38e-40
6,8,6.52e-39,4.61e-41,3.33e-40
6,9,6.58e-39,4.98e-41,3.08e-40
6,10,5.83e-39,5.11e-41,2.86e-40
6,11,4.09e-39,3.65e-41,2.42e-40
6,12,1.87e-39,2.93e-41,1.82e-40
6,13,4.69e-41,2.13e-42,5.64e-42
6,14,0.00e+00,0.00e+00,0.00e+00
7,1,2.01e-40,9.64e-42,1.59e-41
7,2,7.64e-40,1.90e-41,5.24e-41
7,3,1.71e-39,2.51e-41,1.13e-40
7,4,2.92e-39,3.84e-41,1.82e-40
7,5,4.03e-39,4.54e-41,2.19e-40
7,6,4.95e-39,5.05e-41,2.61e-40
7,7,5.67e-39,5.60e-41,2.92e-40
7,8,6.23e-39,4.44e-41,2.95e-40
7,9,6.06e-39,4.66e-41,2.82e-40
7,10,5.02e-39,4.51e-41,2.56e-40
7,11,3.39e-39,3.09e-41,2.18e-40
7,12,1.51e-39,2.37e-41,1.44e-40
7,13,1.20e-40,3.52e-42,1.48e-41
7,14,0.00e+00,0.00e+00,0.00e+00
8,1,1.86e-40,6.87e-42,1.30e-41
8,2,6.88e-40,1.31e-41,4.06e-41
8,3,1.58e-39,1.72e-41,9.25e-41
8,4,2.63e-39,2.62e-41,1.48e-40
8,5,3.50e-39,2.98e-41,1.87e-40
8,6,4.21e-39,3.24e-41,2.16e-40
8,7,4.73e-39,3.60e-41,2.32e-40
8,8,4.97e-39,2.69e-41,2.28e-40
8,9,4.59e-39,2.74e-41,2.17e-40
8,10,3.71e-39,2.61e-41,1.99e-40
8,11,2.30e-39,1.68e-41,1.56e-40
8,12,1.05e-39,1.31e-41,9.51e-41
8,13,1.29e-40,2.64e-42,1.36e-41
8,14,0.00e+00,0.00e+00,0.00e+00
9,1,1.40e-40,5.69e-42,9.06e-42
9,2,5.02e-40,1.06e-41,2.55e-41
9,3,1.11e-39,1.38e-41,5.39e-41
9,4,1.87e-39,2.06e-41,9.03e-41
9,5,2.43e-39,2.33e-41,1.20e-40
9,6,2.89e-39,2.49e-41,1.50e-40
9,7,3.12e-39,2.70e-41,1.76e-40
9,8,3.18e-39,2.07e-41,2.02e-40
9,9,2.71e-39,1.99e-41,2.07e-40
9,10,2.14e-39,1.84e-41,1.80e-40
9,11,1.34e-39,1.19e-41,1.30e-40
9,12,6.47e-40,9.10e-42,6.50e-41
9,13,1.24e-40,2.21e-42,1.19e-41
9,14,1.75e-44,1.83e-45,2.60e-45
10,1,7.14e-41,3.45e-42,6.45e-42
10,2,2.98e-40,7.39e-42,1.98e-41
10,3,6.64e-40,9.49e-42,4.08e-41
10,4,1.05e-39,1.36e-41,6.69e-41
10,5,1.37e-39,1.55e-41,9.28e-41
10,6,1.58e-39,1.62e-41,1.15e-40
10,7,1.75e-39,1.79e-41,1.31e-40
10,8,1.70e-39,1.36e-41,1.38e-40
10,9,1.46e-39,1.32e-41,1.23e-40
10,10,1.12e-39,1.17e-41,9.90e-41
10,11,7.45e-40,7.85e-42,6.72e-41
10,12,4.09e-40,6.33e-42,3.70e-41
10,13,1.08e-40,1.81e-42,8.77e-42
10,14,1.18e-42,8.74e-44,1.48e-43
11,1,3.56e-41,2.38e-42,3.71e-42
11,2,1.43e-40,4.63e-42,1.31e-41
11,3,3.24e-40,6.10e-42,2.80e-41
11,4,5.23e-40,8.91e-42,4.55e-41
11,5,6.87e-40,9.85e-42,5.93e-41
11,6,7.74e-40,1.04e-41,6.66e-41
11,7,8.44e-40,1.10e-41,7.56e-41
11,8,8.46e-40,8.73e-42,7.83e-41
11,9,7.39e-40,8.45e-42,6.55e-41
11,10,6.17e-40,7.81e-42,5.25e-41
11,11,4.40e-40,5.46e-42,3.42e-41
11,12,2.84e-40,4.76e-42,2.02e-41
11,13,9.92e-41,1.58e-42,6.51e-42
11,14,2.36e-42,1.29e-43,2.53e-43
12,1,1.67e-41,1.46e-42,1.96e-42
12,2,6.48e-41,2.86e-42,6.03e-42
12,3,1.52e-40,4.18e-42,1.34e-41
12,4,2.52e-40,5.73e-42,2.13e-41
12,5,3.35e-40,6.59e-42,2.94e-41
12,6,4.06e-40,7.46e-42,3.25e-41
12,7,4.30e-40,7.23e-42,3.63e-41
12,8,4.43e-40,6.26e-42,3.92e-41
12,9,4.05e-40,6.06e-42,3.29e-41
12,10,3.78e-40,5.88e-42,3.00e-41
12,11,3.01e-40,4.51e-42,2.07e-41
12,12,2.21e-40,4.11e-42,1.34e-41
12,13,9.03e-41,1.50e-42,5.50e-42
12,14,2.93e-42,1.31e-43,2.67e-43
13,1,6.64e-42,5.65e-43,6.65e-43
13,2,2.29e-41,9.64e-43,1.50e-42
13,3,5.29e-41,1.32e-42,2.94e-42
13,4,8.56e-41,1.75e-42,4.50e-42
13,5,1.12e-40,1.94e-42,5.85e-42
13,6,1.39e-40,2.10e-42,7.32e-42
13,7,1.60e-40,2.22e-42,7.95e-42
13,8,1.74e-40,1.95e-42,8.69e-42
13,9,1.80e-40,1.94e-42,9.17e-42
13,10,1.70e-40,1.85e-42,8.40e-42
13,11,1.59e-40,1.52e-42,7.83e-42
13,12,1.30e-40,1.49e-42,6.65e-42
13,13,6.48e-41,5.73e-43,3.62e-42
13,14,3.94e-42,1.08e-43,2.92e-43
14,1,3.38e-42,3.83e-43,4.32e-43
14,2,8.66e-42,5.03e-43,6.90e-43
14,3,1.91e-41,7.29e-43,1.23e-42
14,4,3.22e-41,9.97e-43,1.95e-42
14,5,4.21e-41,1.16e-42,2.51e-42
14,6,5.19e-41,1.22e-42,2.93e-42
14,7,6.11e-41,1.29e-42,3.37e-42
14,8,6.90e-41,1.20e-42,3.69e-42
14,9,7.41e-41,1.20e-42,3.97e-42
14,10,7.54e-41,1.17e-42,4.05e-42
14,11,7.30e-41,1.01e-42,3.98e-42
14,12,6.42e-41,9.67e-43,3.66e-42
14,13,3.85e-41,4.38e-43,2.27e-42
14,14,4.34e-42,1.12e-43,3.20e-43
15,1,8.66e-43,8.30e-44,9.66e-44
15,2,2.27e-42,1.21e-43,1.77e-43
15,3,4.46e-42,1.48e-43,2.72e-43
15,4,7.64e-42,2.09e-43,4.43e-43
15,5,1.05e-41,2.37e-43,5.67e-43
15,6,1.32e-41,2.67e-43,6.69e-43
15,7,1.55e-41,2.77e-43,7.71e-43
15,8,1.77e-41,2.62e-43,8.61e-43
15,9,1.96e-41,2.68e-43,9.69e-43
15,10,2.06e-41,2.55e-43,1.02e-42
15,11,2.04e-41,2.29e-43,1.01e-42
15,12,1.85e-41,2.15e-43,9.49e-43
15,13,1.27e-41,1.10e-43,7.06e-43
15,14,2.42e-42,4.12e-44,1.97e-43
16,1,1.91e-43,2.50e-44,3.26e-44
16,2,4.83e-43,5.71e-44,8.70e-44
16,3,8.21e-43,5.57e-44,8.41e-44
16,4,1.24e-42,6.99e-44,1.21e-43
16,5,1.79e-42,8.48e-44,1.70e-43
16,6,2.20e-42,9.46e-44,1.92e-43
16,7,2.40e-42,9.03e-44,1.96e-43
16,8,2.79e-42,9.24e-44,2.13e-43
16,9,3.26e-42,9.57e-44,2.46e-43
16,10,3.51e-42,9.25e-44,2.71e-43
16,11,3.44e-42,8.58e-44,2.71e-43
16,12,3.24e-42,7.80e-44,2.66e-43
16,13,2.40e-42,4.80e-44,1.90e-43
16,14,4.91e-43,1.76e-44,4.92e-44
